data,time,cases,deaths,tests,0-9,10-19,20-29,30-39,40-49,50-59,60-69,70-79,80-89,90+,male,female
2020-07-10,11:11 PM,20,0,1005,0,1,4,2,4,2,5,1,1,0,12,8
2020-07-11,03:00 PM,20,0,1005,0,1,4,2,4,2,5,1,1,0,12,8
2020-07-12,03:00 PM,20,0,1009,0,1,4,2,4,2,5,1,1,0,12,8
2020-07-13,03:00 PM,20,0,1011,0,1,4,2,4,2,5,1,1,0,12,8
2020-07-14,03:00 PM,20,0,1016,0,1,4,2,4,2,5,1,1,0,12,8
2020-07-15,03:00 PM,20,0,1019,0,1,4,2,4,2,5,1,1,0,12,12
2020-07-16,03:00 PM,20,0,1022,0,1,4,2,4,2,5,1,1,0,12,8
2020-07-17,03:00 PM,24,0,1055,0,1,4,2,7,2,6,1,1,0,13,11
2020-07-18,03:00 PM,24,0,1084,0,1,4,2,7,2,6,1,1,0,13,11
2020-07-19,03:00 PM,24,0,1148,0,1,4,2,7,2,6,1,1,0,13,11
2020-07-20,03:00 PM,24,0,1329,0,1,4,2,7,2,6,1,1,0,13,11
2020-07-21,03:00 PM,24,0,1347,0,1,4,2,7,2,6,1,1,0,13,11
2020-07-22,03:00 PM,26,0,1385,0,1,4,2,7,3,7,1,1,0,13,13
2020-07-23,03:00 PM,26,0,1418,0,1,4,2,7,3,7,1,1,0,13,13
2020-07-24,03:00 PM,27,0,1449,0,1,4,2,8,3,7,1,1,0,14,13
2020-07-25,03:00 PM,27,0,1451,0,1,4,2,8,3,7,1,1,0,14,13
2020-07-26,03:00 PM,28,0,1459,1,1,4,2,7,3,7,1,1,0,14,13
2020-07-27,03:00 PM,29,0,1493,1,1,5,2,7,4,7,1,1,0,15,14
2020-07-28,03:00 PM,29,0,1527,1,1,5,2,7,4,7,1,1,0,15,14
2020-07-29,03:00 PM,31,0,1552,1,1,7,2,7,4,7,1,1,0,16,15
2020-07-30,03:00 PM,31,0,1569,1,1,7,2,7,4,7,1,1,0,16,15
2020-07-31,03:00 PM,31,0,1576,1,1,7,2,7,4,7,1,1,0,16,15
2020-08-01,03:00 PM,31,0,1583,1,1,7,2,7,4,7,1,1,0,16,15
2020-08-02,03:00 PM,31,0,1588,1,1,7,2,7,4,7,1,1,0,16,15
2020-08-03,03:00 PM,31,0,1605,1,1,7,2,7,4,7,1,1,0,16,15
2020-08-04,03:00 PM,31,0,1607,1,1,7,2,7,4,7,1,1,0,16,15
2020-08-05,03:00 PM,31,0,1629,1,1,7,2,7,4,7,1,1,0,16,15
2020-08-06,03:00 PM,31,0,1667,1,1,7,2,7,4,7,1,1,0,16,15
2020-08-07,03:00 PM,31,0,1693,1,1,7,2,7,4,7,1,1,0,16,15
2020-08-08,03:00 PM,31,0,1702,1,1,7,2,7,4,7,1,1,0,16,15
2020-08-09,03:00 PM,31,0,1721,1,1,7,2,8,4,7,1,1,0,16,16
2020-08-10,03:00 PM,31,0,1730,1,1,7,2,8,4,7,1,1,0,16,16
2020-08-11,03:00 PM,31,0,1736,1,1,7,2,8,4,7,1,1,0,16,16
2020-08-12,03:00 PM,32,0,1757,1,1,8,2,8,4,7,1,1,0,17,16
2020-08-13,03:00 PM,32,0,1817,1,1,8,2,8,4,7,1,1,0,17,16
2020-08-14,03:00 PM,32,0,1849,1,1,8,2,8,4,7,1,1,0,17,16
2020-08-15,03:00 PM,32,0,1887,1,1,8,2,8,4,7,1,1,0,17,16
2020-08-16,03:00 PM,32,0,1890,1,1,8,2,8,4,7,1,1,0,17,16
2020-08-17,03:00 PM,32,0,1896,1,1,8,2,8,4,7,1,1,0,17,16
2020-08-18,03:00 PM,32,0,1902,1,1,8,2,8,4,7,1,1,0,17,16
2020-08-19,03:00 PM,32,0,1904,1,1,8,2,8,4,7,1,1,0,17,16
2020-08-20,03:00 PM,32,0,1917,1,1,8,2,8,4,7,1,1,0,17,16
2020-08-21,03:00 PM,32,0,1928,1,1,8,2,8,4,7,1,1,0,17,16
2020-08-22,03:00 PM,32,0,1935,1,1,8,2,8,4,7,1,1,0,17,16
2020-08-24,03:00 PM,33,1,1949,1,1,8,2,9,4,7,1,1,0,18,16
2020-08-25,03:00 PM,33,1,1953,1,1,8,2,9,4,7,1,1,0,18,16
2020-08-26,03:00 PM,33,1,1962,1,1,8,2,9,4,7,1,1,0,18,16
2020-08-27,03:00 PM,32,1,2024,1,1,8,2,8,4,7,1,1,0,18,15
2020-08-28,03:00 PM,32,1,2043,1,1,8,2,8,4,7,1,1,0,18,15
2020-08-29,03:00 PM,32,1,2054,1,1,8,2,8,4,7,1,1,0,18,15
2020-08-30,03:00 PM,32,1,2058,1,1,8,2,8,4,7,1,1,0,18,15
2020-08-31,03:00 PM,32,1,2062,1,1,8,2,8,4,7,1,1,0,18,15
2020-09-01,03:00 PM,32,1,2072,1,1,8,2,8,4,7,1,1,0,18,15
2020-09-02,03:00 PM,32,1,2108,1,1,8,2,8,4,7,1,1,0,18,15
2020-09-03,03:00 PM,32,1,2109,1,1,8,2,8,4,7,1,1,0,18,15
2020-09-04,03:00 PM,32,1,2115,1,1,8,2,8,4,7,1,1,0,18,15
2020-09-05,03:00 PM,32,1,2134,1,1,8,2,8,4,7,1,1,0,18,15
2020-09-06,03:00 PM,32,1,2148,1,1,8,2,8,4,7,1,1,0,18,15
2020-09-07,03:00 PM,32,1,2150,1,1,8,2,8,4,7,1,1,0,18,15
2020-09-08,03:00 PM,32,1,2153,1,1,8,2,8,4,7,1,1,0,18,15
2020-09-09,03:00 PM,32,1,2157,1,1,8,2,8,4,7,1,1,0,18,15
2020-09-10,03:00 PM,32,1,2165,1,1,8,2,8,4,7,1,1,0,18,15
2020-09-11,03:00 PM,32,1,2168,1,1,8,2,8,4,7,1,1,0,18,15
2020-09-12,03:00 PM,32,1,2177,1,1,8,2,8,4,7,1,1,0,18,15
2020-09-13,03:00 PM,32,1,2183,1,1,8,2,8,4,7,1,1,0,18,15
2020-09-14,03:00 PM,32,1,2193,1,1,8,2,8,4,7,1,1,0,18,15
2020-09-15,03:00 PM,32,1,2197,1,1,8,2,8,4,7,1,1,0,18,15
2020-09-16,03:00 PM,32,1,2202,1,1,8,2,8,4,7,1,1,0,18,15
2020-09-17,03:00 PM,33,1,2213,1,1,8,2,8,4,8,1,1,0,18,16
2020-09-18,03:00 PM,33,1,2327,1,1,8,2,8,4,8,1,1,0,18,16
2020-09-19,03:00 PM,34,1,2337,1,1,8,2,8,4,8,2,1,0,18,17
2020-09-20,03:00 PM,34,1,2358,1,1,8,2,8,4,8,2,1,0,18,17
2020-09-21,03:00 PM,34,1,2358,1,1,8,2,8,4,8,2,1,0,18,17
2020-09-22,03:00 PM,34,1,2362,1,1,8,2,8,4,8,2,1,0,18,17
2020-09-23,03:00 PM,34,1,2365,1,1,8,2,8,4,8,2,1,0,18,17
2020-09-24,03:00 PM,34,1,2438,1,1,8,2,8,4,8,2,1,0,18,17
2020-09-25,03:00 PM,34,1,2670,1,1,8,2,8,4,8,2,1,0,18,17
2020-09-26,03:00 PM,34,1,2683,1,1,8,2,8,4,8,2,1,0,18,17
2020-09-28,03:00 PM,34,1,2702,1,1,8,2,8,4,8,2,1,0,18,17
2020-09-29,03:00 PM,34,1,2707,1,1,8,2,8,4,8,2,1,0,18,17
2020-09-30,03:00 PM,34,1,2765,1,1,8,2,8,4,8,2,1,0,18,17
2020-10-01,03:00 PM,34,1,2827,1,1,8,2,8,4,8,2,1,0,18,17
2020-10-02,03:00 PM,34,1,2839,1,1,8,2,8,4,8,2,1,0,18,17
2020-10-03,03:00 PM,34,1,2848,1,1,8,2,8,4,8,2,1,0,18,17
2020-10-04,03:00 PM,34,1,2850,1,1,8,2,8,4,8,2,1,0,18,17
2020-10-05,03:00 PM,34,1,2855,1,1,8,2,8,4,8,2,1,0,18,17
2020-10-06,03:00 PM,34,1,2863,1,1,8,2,8,4,8,2,1,0,18,17
2020-10-07,03:00 PM,34,1,2882,1,1,8,2,8,4,8,2,1,0,18,17
2020-10-08,03:00 PM,34,1,2882,1,1,8,2,8,4,8,2,1,0,18,17
2020-10-09,03:00 PM,36,1,2889,1,1,8,3,8,4,9,2,1,0,18,19
2020-10-10,03:00 PM,36,1,2893,1,1,8,3,8,4,9,2,1,0,18,19
2020-10-11,03:00 PM,36,1,2903,1,1,8,3,8,4,9,2,1,0,18,19
2020-10-12,03:00 PM,36,1,2916,1,1,8,3,8,4,9,2,1,0,18,19
2020-10-13,03:00 PM,37,1,2928,2,1,8,2,8,4,9,2,1,0,19,18
2020-10-14,03:00 PM,37,1,2952,2,1,8,2,8,4,9,2,1,0,19,18
2020-10-15,03:00 PM,37,1,2980,2,1,8,2,8,4,9,2,1,0,19,18
2020-10-16,03:00 PM,37,1,2989,2,1,8,2,8,4,9,2,1,0,19,18
2020-10-17,03:00 PM,37,1,3074,2,1,8,2,8,4,9,2,1,0,19,18
2020-10-18,03:00 PM,37,1,3096,2,1,8,2,8,4,9,2,1,0,19,18
2020-10-19,03:00 PM,37,1,3112,2,1,8,2,8,4,9,2,1,0,19,18
2020-10-20,03:00 PM,37,1,3121,2,1,8,2,8,4,9,2,1,0,19,18
2020-10-21,03:00 PM,37,1,3136,2,1,8,2,8,4,9,2,1,0,19,18
2020-10-22,03:00 PM,38,1,3155,2,1,8,2,8,4,10,2,1,0,20,18
2020-10-23,03:00 PM,39,1,3163,2,2,8,2,8,4,10,2,1,0,20,19
2020-10-24,03:00 PM,40,1,3170,2,2,8,2,8,4,10,2,2,0,20,20
2020-10-25,03:00 PM,41,1,3179,2,2,8,2,8,5,10,2,2,0,21,20
2020-10-26,03:00 PM,41,1,3195,2,2,8,2,8,5,10,2,2,0,21,20
2020-10-27,03:00 PM,41,1,3206,2,2,8,2,8,5,10,2,2,0,21,20
2020-10-28,03:00 PM,42,1,3208,2,2,8,2,8,5,11,2,2,0,21,21
2020-10-29,03:00 PM,42,1,3227,2,2,8,2,8,5,11,2,2,0,21,21
2020-10-30,03:00 PM,43,1,3239,2,3,8,2,8,5,11,2,2,0,21,22
2020-10-31,03:00 PM,46,1,3262,2,3,8,2,9,5,13,2,2,0,22,24
2020-11-01,03:00 PM,46,1,3281,2,3,8,2,9,5,13,2,2,0,22,24
2020-11-02,03:00 PM,46,1,3367,2,3,8,2,9,5,13,2,2,0,22,24
2020-11-03,03:00 PM,47,1,3373,2,3,8,2,10,5,13,2,2,0,23,24
2020-11-04,03:00 PM,47,1,3381,2,3,8,2,10,5,13,2,2,0,23,24
2020-11-05,03:00 PM,47,1,3427,2,3,8,2,10,5,13,2,2,0,23,24
2020-11-06,03:00 PM,49,1,3461,2,3,8,4,10,5,13,2,2,0,23,26
2020-11-07,03:00 PM,52,1,3502,2,3,8,5,10,5,14,2,3,0,23,29
2020-11-08,03:00 PM,52,1,3557,2,3,8,5,10,5,14,2,3,0,23,29
2020-11-09,03:00 PM,54,1,3564,2,3,8,5,11,5,14,3,3,0,24,30
2020-11-10,03:00 PM,56,1,3586,2,5,8,5,11,5,14,3,3,0,25,31
2020-11-11,03:00 PM,59,1,3595,2,6,9,5,11,5,14,3,3,0,26,32
2020-11-12,03:00 PM,62,1,3670,2,6,10,6,11,5,15,3,3,0,28,33
2020-11-13,03:00 PM,63,1,3677,2,6,10,6,11,5,15,3,4,0,29,33
2020-11-14,03:00 PM,66,1,3813,3,7,10,7,11,5,15,3,4,0,30,35
2020-11-15,03:00 PM,66,1,3822,3,7,10,7,11,5,15,3,4,0,30,35
2020-11-16,03:00 PM,68,1,3832,3,7,11,8,11,5,15,3,4,0,32,35
2020-11-17,03:00 PM,68,1,3861,3,7,11,8,11,5,15,3,4,0,32,35
2020-11-18,03:00 PM,71,1,3904,4,7,11,9,11,6,15,3,4,0,32,38
2020-11-19,03:00 PM,87,2,3948,5,7,15,10,13,10,18,4,4,0,40,46
2020-11-20,03:00 PM,91,2,4013,5,7,16,10,13,11,18,6,4,0,43,47
2020-11-21,03:00 PM,93,2,4026,5,7,17,10,13,11,18,7,4,0,44,48
2020-11-22,03:00 PM,96,2,4051,5,7,17,10,13,11,18,7,6,1,45,50
2020-11-23,03:00 PM,99,2,4066,5,7,17,12,14,11,18,7,6,1,48,50
2020-11-24,03:00 PM,104,2,4152,5,7,17,13,14,12,19,7,6,2,49,53
2020-11-25,03:00 PM,109,2,4212,5,7,18,14,16,13,19,7,6,2,52,55
2020-11-26,03:00 PM,115,2,4268,5,8,19,16,17,13,20,7,6,2,57,56
2020-11-27,03:00 PM,119,2,4300,5,8,20,18,17,14,20,7,6,2,59,58
2020-11-28,03:00 PM,119,2,4319,5,8,20,18,17,14,20,7,6,2,59,58
2020-11-29,03:00 PM,124,2,4354,6,8,23,18,17,15,20,7,6,2,61,61
2020-11-30,03:00 PM,127,2,4382,6,9,23,18,19,15,20,7,6,2,61,64
2020-12-01,03:00 PM,133,2,4417,6,9,25,20,19,15,21,7,6,2,63,67
2020-12-02,03:00 PM,139,2,4453,6,9,26,21,21,17,21,7,6,2,65,71
2020-12-03,03:00 PM,140,2,4481,6,9,26,21,21,17,22,7,6,2,65,72
2020-12-04,03:00 PM,149,2,4524,7,11,26,23,22,19,23,7,6,2,69,77
2020-12-05,03:00 PM,152,2,4567,7,11,26,23,22,19,24,7,6,2,68,79
2020-12-06,03:00 PM,155,2,4604,7,11,26,23,23,19,26,8,6,2,68,83
2020-12-07,03:00 PM,171,2,4677,7,13,28,27,26,22,27,8,6,2,81,85
2020-12-08,03:00 PM,177,2,4740,8,18,27,27,25,22,27,8,6,2,84,86
2020-12-09,03:00 PM,180,2,4801,8,19,28,26,26,23,27,8,6,2,87,86
2020-12-10,03:00 PM,186,2,4839,9,19,28,29,28,23,27,8,6,2,89,90
2020-12-11,03:00 PM,199,2,4868,9,20,31,32,28,25,30,8,6,2,92,99
2020-12-12,03:00 PM,201,2,4913,9,21,31,32,28,25,31,8,6,2,93,99
2020-12-13,03:00 PM,206,2,4930,10,22,32,34,30,26,31,8,6,2,98,102
2020-12-14,03:00 PM,207,3,4978,10,22,34,34,30,26,31,8,6,2,98,104
2020-12-15,03:27 PM,214,3,5043,10,24,35,34,30,26,35,8,6,2,100,109
2020-12-16,03:00 PM,220,3,5062,10,24,36,40,31,26,35,8,6,2,106,111
2020-12-17,03:00 PM,224,3,5090,11,25,37,39,30,26,35,8,6,2,104,114
2020-12-18,03:00 PM,228,3,5163,12,25,37,40,31,26,36,8,6,2,106,116
2020-12-19,03:00 PM,237,3,5262,13,27,37,42,32,28,37,10,6,2,111,121
2020-12-20,03:00 PM,245,3,5299,13,28,37,44,33,31,39,10,6,2,116,125
2020-12-21,03:00 PM,250,3,5347,13,30,37,45,33,31,40,11,6,2,121,125
2020-12-22,03:06 PM,250,3,5375,13,30,37,45,33,31,40,11,6,2,121,125
2020-12-23,04:05 PM,259,4,5413,15,32,37,47,34,31,41,12,6,2,127,128
2020-12-24,03:00 PM,259,4,5413,15,32,37,47,34,31,41,12,6,2,127,128
2020-12-25,03:00 PM,264,4,5478,15,32,38,47,35,34,41,12,6,2,132,128
2020-12-26,03:00 PM,264,4,5513,15,32,38,47,35,34,41,12,6,2,132,128
2020-12-27,03:00 PM,264,4,5518,15,32,38,47,35,34,41,12,6,2,132,128
2020-12-28,03:00 PM,264,4,5522,15,32,38,47,35,34,41,12,6,2,132,128
2020-12-29,03:00 PM,264,5,5527,15,32,38,47,35,34,41,12,6,2,132,128
2020-12-30,03:00 PM,266,5,5536,15,32,38,48,35,34,41,12,6,2,3119,3624
2020-12-31,03:00 PM,268,5,5549,15,32,38,48,35,35,42,12,6,2,135,128
2021-01-01,03:00 PM,275,5,5577,16,33,38,49,36,36,43,12,6,3,138,132
2021-01-02,03:00 PM,279,5,5599,16,33,39,49,36,36,45,12,7,2,3214,3732
2021-01-03,03:00 PM,283,5,5621,18,33,39,50,36,37,45,12,7,2,141,136
2021-01-04,03:00 PM,284,5,5628,18,33,39,50,36,37,45,12,8,2,141,137
2021-01-05,03:00 PM,284,5,5672,18,33,39,51,36,37,45,13,8,2,143,137
2021-01-06,03:00 PM,284,5,5701,17,33,39,51,36,37,45,13,8,2,142,137
2021-01-07,03:00 PM,290,5,5716,17,33,40,52,38,37,46,14,9,2,144,142
2021-01-08,03:00 PM,291,5,5792,17,33,40,53,39,37,46,14,9,2,145,143
2021-01-09,03:00 PM,295,5,5803,19,33,42,53,39,37,46,14,9,2,146,146
2021-01-10,03:00 PM,298,5,5834,19,33,43,53,41,37,46,14,9,2,147,148
2021-01-11,03:00 PM,301,6,5876,20,34,44,53,41,37,46,14,9,2,150,148
2021-01-12,03:00 PM,303,6,5885,20,36,44,53,41,37,46,14,9,2,151,149
2021-01-13,03:00 PM,304,6,5905,20,36,45,53,41,37,46,14,9,2,152,149
2021-01-14,03:00 PM,310,7,5930,20,36,46,54,43,38,47,14,9,2,154,153
2021-01-15,03:00 PM,312,7,5972,20,36,47,54,43,39,47,14,9,2,155,154
2021-01-16,03:00 PM,314,8,6094,20,36,48,55,43,39,47,14,9,2,158,154
2021-01-17,03:00 PM,315,8,6173,20,36,48,55,43,40,47,14,9,2,158,155
2021-01-18,03:00 PM,317,8,6227,20,36,48,55,45,40,47,14,9,2,159,156
2021-01-19,03:00 PM,318,8,6230,20,36,48,55,45,40,47,15,9,2,160,156
2021-01-20,03:00 PM,319,8,6242,20,36,48,55,46,40,47,15,9,2,160,157
2021-01-21,03:00 PM,320,8,6259,20,36,48,55,47,40,47,15,9,2,160,158
2021-01-22,03:00 PM,321,8,6290,20,36,48,56,47,40,47,14,9,2,159,159
2021-01-23,03:00 PM,321,8,6304,20,36,48,56,47,40,47,14,9,2,159,159
2021-01-24,03:00 PM,321,8,6326,20,36,49,56,47,40,47,14,9,2,160,159
2021-01-25,03:00 PM,322,8,6350,21,36,49,56,47,40,47,14,9,2,160,160
2021-01-26,03:00 PM,325,8,6366,21,37,49,58,47,41,47,14,9,2,162,162
2021-01-27,03:00 PM,325,8,6372,21,37,49,58,47,41,47,14,9,2,162,162
2021-01-28,03:00 PM,326,8,6385,21,37,50,58,47,41,47,14,9,2,162,162
2021-01-29,03:00 PM,329,8,6408,21,37,50,58,48,42,47,14,9,2,163,163
2021-01-30,03:00 PM,330,8,6416,21,37,50,58,49,41,48,14,9,2,163,164
2021-01-31,03:00 PM,330,8,6465,21,37,50,58,49,41,48,14,9,2,163,164
2021-02-01,03:00 PM,335,8,6483,21,38,51,58,50,41,49,15,9,2,166,166
2021-02-02,03:00 PM,335,8,6542,21,38,51,58,50,41,49,15,9,2,166,166
2021-02-04,03:00 PM,338,8,6567,21,38,51,58,51,42,50,15,9,2,168,167
2021-02-05,03:00 PM,339,9,6574,21,38,51,58,52,42,50,15,9,2,169,167
2021-02-06,03:00 PM,339,9,6613,21,38,51,58,52,42,50,15,9,2,169,167
2021-02-07,03:00 PM,339,9,6635,21,38,51,58,52,42,50,15,9,2,169,167
2021-02-08,03:00 PM,339,9,6731,21,38,51,58,52,42,50,15,9,2,169,167
2021-02-09,03:00 PM,339,9,6765,21,38,51,58,52,42,50,15,9,2,169,167
2021-02-10,03:00 PM,339,9,6814,21,38,51,58,52,42,50,15,9,2,169,167
2021-02-11,03:00 PM,339,9,6867,21,38,51,58,52,42,50,15,9,2,169,167
2021-02-12,03:00 PM,339,9,6886,21,38,51,58,52,42,50,15,9,2,169,167
2021-02-13,03:00 PM,339,9,6947,21,38,51,58,52,42,50,15,9,2,169,167
2021-02-14,03:00 PM,339,9,6985,21,38,51,58,52,42,50,15,9,2,169,167
2021-02-16,03:00 PM,339,9,6999,21,38,51,58,52,42,50,15,9,2,169,167
2021-02-17,03:00 PM,340,9,7005,21,38,52,58,52,42,50,15,9,2,170,167
2021-02-18,03:00 PM,341,9,7,21,38,53,58,52,42,50,15,9,2,170,168
2021-02-19,03:00 PM,341,9,7025,21,38,53,58,52,42,50,15,9,2,170,168
2021-02-20,03:00 PM,348,9,7074,23,42,53,60,52,42,50,15,9,2,175,171
2021-02-21,03:00 PM,348,9,7074,23,42,53,60,52,42,50,15,9,2,175,171
2021-02-22,03:00 PM,348,9,7118,23,42,53,60,52,42,50,15,9,2,175,171
2021-02-23,03:00 PM,348,9,7138,23,42,53,60,52,42,50,15,9,2,175,171
2021-02-24,03:00 PM,349,9,7159,23,42,53,60,52,43,50,15,9,2,176,171
2021-02-25,03:00 PM,349,9,7177,23,42,53,60,52,43,50,15,9,2,176,171
2021-02-26,03:00 PM,352,9,7186,23,43,53,60,52,43,50,17,9,2,178,172
2021-02-27,03:00 PM,355,9,7232,23,44,53,60,52,43,51,18,9,2,179,174
2021-02-28,03:00 PM,358,9,7244,23,46,53,61,52,43,51,18,9,2,179,175
2021-03-01,03:00 PM,361,9,7478,24,48,53,61,52,43,51,18,9,2,179,178
2021-03-02,03:00 PM,361,9,7570,24,48,53,61,52,43,51,18,9,2,179,178
2021-03-03,03:00 PM,362,9,7573,24,49,53,61,52,43,51,18,9,2,179,178
2021-03-04,03:00 PM,362,9,7611,24,49,53,61,52,43,51,18,9,2,179,178
2021-03-05,03:00 PM,363,9,7616,24,50,53,61,52,43,51,18,9,2,180,178
2021-03-06,03:00 PM,364,9,7648,24,51,53,61,52,43,51,18,9,2,181,178
2021-03-07,03:00 PM,364,9,7684,24,51,53,61,52,43,51,18,9,2,181,178
2021-03-08,03:00 PM,364,9,7684,24,51,53,61,52,43,51,18,9,2,181,178
2021-03-09,03:00 PM,364,9,7726,24,51,53,61,52,43,51,18,9,2,181,178
2021-03-10,03:00 PM,364,9,7731,24,51,53,61,52,43,51,18,9,2,181,178
2021-03-11,03:00 PM,365,9,7735,24,51,53,62,52,43,51,18,9,2,181,179
2021-03-12,03:00 PM,365,9,7745,24,51,53,62,52,43,51,18,9,2,181,179
2021-03-13,03:00 PM,365,9,7753,24,51,53,62,52,43,51,18,9,2,181,179
2021-03-14,03:00 PM,365,9,7805,24,51,53,62,52,43,51,18,9,2,181,179
2021-03-15,03:00 PM,365,9,7845,24,51,53,62,52,43,51,18,9,2,181,179
2021-03-16,03:00 PM,365,9,7849,24,51,53,62,52,43,51,18,9,2,181,179
2021-03-17,03:00 PM,365,9,7855,24,51,53,62,52,43,51,18,9,2,181,179
2021-03-18,03:00 PM,365,9,7879,24,51,53,62,52,43,51,18,9,2,181,179
2021-03-19,03:00 PM,365,9,7897,24,51,53,62,52,43,51,18,9,2,181,179
2021-03-20,03:00 PM,365,9,7923,24,51,53,62,52,43,51,18,9,2,181,179
2021-03-21,03:00 PM,366,9,7955,24,51,53,63,52,43,51,18,9,2,181,180
2021-03-22,03:00 PM,366,9,8025,24,51,53,63,52,43,51,18,9,2,181,180
2021-03-23,03:00 PM,366,9,8031,24,51,53,63,52,43,51,18,9,2,181,180
2021-03-24,03:00 PM,367,9,8034,24,51,54,63,52,43,51,18,9,2,181,180
2021-03-25,03:24 PM,369,9,8044,24,52,54,63,52,43,51,18,10,2,181,180
2021-03-26,03:15 PM,371,9,8061,24,52,54,63,52,45,51,18,10,2,182,180
2021-03-27,03:00 PM,372,9,8071,24,52,54,64,52,45,51,18,10,2,184,180
2021-03-28,03:00 PM,374,9,8132,24,52,54,64,52,46,51,18,11,2,184,182
2021-03-29,03:00 PM,376,9,8160,24,52,54,64,52,47,52,18,11,2,184,183
2021-03-30,03:00 PM,376,9,8173,24,52,54,64,52,47,52,18,11,2,184,183
2021-03-31,03:00 PM,377,9,8221,24,52,54,64,52,47,53,18,11,2,185,183
2021-04-01,03:00 PM,377,9,8238,24,52,54,64,52,47,53,18,11,2,185,183
2021-04-02,03:00 PM,377,9,8272,24,52,54,64,52,47,53,18,11,2,185,183
2021-04-03,03:00 PM,377,9,8344,24,52,54,64,52,47,53,18,11,2,185,183
2021-04-04,03:00 PM,377,9,8344,24,52,54,64,52,47,53,18,11,2,185,183
2021-04-05,03:00 PM,377,9,8344,24,52,54,64,52,47,53,18,11,2,185,183
2021-04-07,03:00 PM,376,9,8424,24,51,54,64,52,46,53,18,11,2,185,182
2021-04-08,03:00 PM,376,9,8453,24,51,54,65,52,46,53,18,11,2,185,183
2021-04-09,03:00 PM,376,9,8460,24,51,54,65,52,46,53,18,11,2,185,183
2021-04-10,03:00 PM,376,9,8510,24,51,54,65,52,46,53,18,11,2,185,183
2021-04-11,03:00 PM,376,9,8510,24,51,54,65,52,46,53,18,11,2,185,183
2021-04-12,03:00 PM,376,9,8510,24,51,54,65,52,46,53,18,11,2,185,183
2021-04-13,03:00 PM,376,9,8549,24,51,54,65,52,46,53,18,11,2,185,183
2021-04-14,03:00 PM,376,9,8615,24,51,54,65,52,46,53,18,11,2,185,183
2021-04-15,03:00 PM,376,9,8624,24,51,54,65,52,46,53,18,11,2,185,183
2021-04-16,03:00 PM,376,9,8654,24,51,54,65,52,46,53,18,11,2,185,183
2021-04-17,03:00 PM,376,9,8672,24,51,54,65,52,46,53,18,11,2,185,183
2021-04-18,03:00 PM,376,9,8672,24,51,54,65,52,46,53,18,11,2,185,183
2021-04-19,03:00 PM,376,9,8672,24,51,54,65,52,46,53,18,11,2,185,183
2021-04-20,03:00 PM,376,9,8705,24,51,54,64,52,47,52,18,11,2,185,182
2021-04-21,03:00 PM,376,9,8718,24,51,54,64,52,47,52,18,11,2,185,182
2021-04-22,03:00 PM,376,9,8734,24,51,54,64,52,47,52,18,11,2,185,182
2021-04-23,03:00 PM,376,9,8742,24,51,54,64,52,47,52,18,11,2,185,182
2021-04-24,03:00 PM,376,9,8750,24,51,54,64,52,47,52,18,11,2,185,182
2021-04-25,03:00 PM,376,9,8750,24,51,54,64,52,47,52,18,11,2,185,182
2021-04-26,03:00 PM,376,9,8750,24,51,54,64,52,47,52,18,11,2,185,182
2021-04-27,03:00 PM,376,9,8848,24,51,54,64,52,47,52,18,11,2,185,182
2021-04-28,03:00 PM,377,9,8860,24,52,54,64,52,47,52,18,11,2,185,183
2021-04-29,03:00 PM,377,9,8879,24,52,54,64,52,47,52,18,11,2,185,183
2021-04-30,03:00 PM,377,9,8897,24,52,54,64,52,48,52,18,11,2,185,184
2021-05-01,03:00 PM,378,9,8913,24,52,54,64,52,48,52,18,11,2,185,184
2021-05-02,03:00 PM,378,9,8913,24,52,54,64,52,48,52,18,11,2,185,184
2021-05-03,03:00 PM,378,9,8913,24,52,54,64,52,48,52,18,11,2,185,184
2021-05-04,03:00 PM,380,9,9121,24,54,54,64,52,48,52,18,11,2,185,186
2021-05-05,03:00 PM,380,9,9132,24,54,54,64,52,48,52,18,11,2,185,186
2021-05-06,03:00 PM,381,9,9140,24,54,55,64,52,48,52,18,11,2,186,186
2021-05-07,03:00 PM,381,9,9267,24,54,55,64,52,48,52,18,11,2,186,186
2021-05-08,03:00 PM,389,9,9301,26,55,56,67,52,48,53,18,11,2,191,189
2021-05-09,03:00 PM,389,9,9301,26,55,56,67,52,48,53,18,11,2,191,189
2021-05-10,03:00 PM,389,9,9301,26,55,56,67,52,48,53,18,11,2,191,189
2021-05-11,03:00 PM,391,9,9404,26,57,56,67,52,48,53,18,11,2,193,189
2021-05-12,03:00 PM,403,9,9435,27,57,60,69,54,50,54,18,11,2,205,189
2021-05-13,03:00 PM,404,9,9477,27,57,60,69,54,51,54,18,11,2,206,189
2021-05-14,03:00 PM,404,9,9485,27,57,60,69,54,51,54,18,11,2,206,189
2021-05-15,03:00 PM,404,9,9514,27,57,60,69,54,51,54,18,11,2,206,189
2021-05-16,03:00 PM,404,9,9514,27,57,60,69,54,51,54,18,11,2,206,189
2021-05-17,03:00 PM,404,9,9514,27,57,60,69,54,51,54,18,11,2,206,189
2021-05-18,03:00 PM,408,9,9556,27,57,63,69,54,52,54,18,12,2,211,189
2021-05-19,03:00 PM,408,9,9561,27,57,63,69,54,52,54,18,12,2,211,189
2021-05-20,03:00 PM,408,9,9567,27,57,63,69,54,52,54,18,12,2,211,189
2021-05-21,03:00 PM,411,9,9581,27,57,65,69,54,52,55,18,12,2,213,190
2021-05-22,03:00 PM,415,9,9636,27,58,65,69,54,52,57,19,12,2,216,191
2021-05-23,03:00 PM,415,9,9636,27,58,65,69,54,52,57,19,12,2,216,191
2021-05-24,03:00 PM,415,9,9636,27,58,65,69,54,52,57,19,12,2,216,191
2021-05-25,03:00 PM,417,11,10005,27,60,65,69,54,52,57,19,12,2,216,193
2021-05-26,03:00 PM,420,11,10022,27,61,65,69,54,54,57,19,12,2,219,193
2021-05-27,03:00 PM,421,11,10049,27,61,66,69,54,54,57,19,12,2,219,194
2021-05-28,03:00 PM,421,11,10060,27,61,66,69,54,54,57,19,12,2,219,194
2021-05-29,03:00 PM,429,11,10108,27,67,66,69,54,55,58,19,12,2,224,197
2021-05-30,03:00 PM,429,11,10108,27,67,66,69,54,55,58,19,12,2,224,197
2021-05-31,03:00 PM,429,11,10108,27,67,66,69,54,55,58,19,12,2,224,197
2021-06-01,03:00 PM,429,11,10108,27,67,66,69,54,55,58,19,12,2,224,197
2021-06-02,03:00 PM,431,11,10150,27,67,66,69,56,55,58,19,12,2,225,198
2021-06-03,03:00 PM,431,11,10179,27,67,66,69,56,55,58,19,12,2,225,198
2021-06-04,03:00 PM,434,11,10189,27,67,66,69,56,58,58,19,12,2,227,199
2021-06-05,03:00 PM,442,11,10218,28,69,67,72,56,59,58,19,12,2,230,204
2021-06-07,03:00 PM,442,11,10218,28,69,67,72,56,59,58,19,12,2,230,204
2021-06-08,03:00 PM,444,11,10289,28,69,67,72,56,59,60,19,12,2,232,204
2021-06-09,03:00 PM,445,11,10309,28,69,67,73,56,59,60,19,12,2,233,204
2021-06-10,03:00 PM,446,11,10327,28,69,67,73,56,59,61,19,12,2,234,204
2021-06-12,03:01 PM,450,11,10404,28,70,67,74,57,60,61,19,12,2,235,207
2021-06-13,03:00 PM,450,11,10404,28,70,67,74,57,60,61,19,12,2,235,207
2021-06-14,03:00 PM,450,11,10404,28,70,67,74,57,60,61,19,12,2,235,207
2021-06-16,03:00 PM,453,11,10467,28,70,68,76,57,60,61,19,12,2,237,208
2021-06-17,03:00 PM,455,11,10477,28,70,68,77,57,60,62,19,12,2,239,208
2021-06-18,03:00 PM,456,11,10487,28,70,68,78,57,60,62,19,12,2,240,208
2021-06-19,03:00 PM,457,11,10502,28,70,69,78,57,60,62,19,12,2,240,209
2021-06-20,03:00 PM,457,11,10502,28,70,69,78,57,60,62,19,12,2,240,209
2021-06-21,03:00 PM,457,11,10502,28,70,69,78,57,60,62,19,12,2,240,209
2021-06-22,03:00 PM,461,11,10516,28,70,70,78,59,61,62,19,12,2,243,210
2021-06-24,03:00 PM,465,11,10555,28,70,70,79,60,62,63,19,12,2,244,213
2021-06-26,03:00 PM,466,11,10589,28,70,70,79,61,62,63,19,12,2,245,213
2021-06-27,03:00 PM,466,11,10589,28,70,70,79,61,62,63,19,12,2,245,213
2021-06-28,03:00 PM,466,11,10589,28,70,70,79,61,62,63,19,12,2,245,213
2021-06-29,03:00 PM,466,11,10611,28,70,70,79,61,62,63,19,12,2,245,213
2021-06-30,03:00 PM,469,11,10656,28,70,70,79,62,63,64,19,12,2,248,213
2021-07-02,03:00 PM,471,11,10671,28,71,70,79,62,63,64,19,13,2,248,215
2021-07-03,03:00 PM,471,11,10681,28,71,70,79,62,63,64,19,13,2,248,215
2021-07-04,03:00 PM,471,11,10681,28,71,70,79,62,63,64,19,13,2,248,215
2021-07-05,03:00 PM,471,11,10681,28,71,70,79,62,63,64,19,13,2,248,215
2021-07-07,03:00 PM,472,11,10704,28,71,70,80,62,63,64,19,13,2,249,215
2021-07-08,03:00 PM,472,12,10710,28,71,70,80,62,63,64,19,13,2,249,215
2021-07-09,03:00 PM,474,13,10717,28,71,70,80,62,63,65,19,14,2,251,215
2021-07-10,03:00 PM,474,13,10725,28,71,70,80,62,63,65,19,14,2,251,215
2021-07-11,03:00 PM,474,13,10725,28,71,70,80,62,63,65,19,14,2,251,215
2021-07-12,03:00 PM,474,13,10725,28,71,70,80,62,63,65,19,14,2,251,215
2021-07-13,03:00 PM,474,13,10745,28,71,70,80,62,63,65,19,14,2,251,215
2021-07-14,03:00 PM,474,13,10783,28,71,70,80,62,63,65,19,14,2,251,215
2021-07-15,03:00 PM,474,13,10790,28,71,70,80,62,63,65,19,14,2,251,215
2021-07-16,03:00 PM,477,14,10799,28,72,71,80,62,63,65,20,14,2,252,217
2021-07-17,03:00 PM,477,14,10811,28,72,71,80,62,63,65,20,14,2,252,217
2021-07-18,03:00 PM,477,14,10811,28,72,71,80,62,63,65,20,14,2,252,217
2021-07-19,03:00 PM,477,14,10811,28,72,71,80,62,63,65,20,14,2,252,217
2021-07-20,03:00 PM,477,14,10823,28,72,71,80,62,63,65,20,14,2,252,217
2021-07-21,03:00 PM,477,14,10836,28,72,71,80,62,63,65,20,14,2,252,217
2021-07-22,03:00 PM,477,14,10843,28,72,71,80,62,63,65,20,14,2,252,217
2021-07-23,03:00 PM,477,14,10846,28,72,71,80,62,63,65,20,14,2,252,217
2021-07-24,03:00 PM,477,14,10851,28,72,71,80,62,63,65,20,14,2,252,217
2021-07-25,03:00 PM,477,14,10851,28,72,71,80,62,63,65,20,14,2,252,217
2021-07-26,03:00 PM,477,14,10851,28,72,71,80,62,63,65,20,14,2,252,217
2021-07-27,03:00 PM,478,14,10889,28,72,71,80,62,64,65,20,14,2,252,218
2021-07-28,03:00 PM,478,14,10917,28,72,71,80,62,64,65,20,14,2,252,218
2021-07-29,03:00 PM,478,14,10933,28,72,71,80,62,64,65,20,14,2,252,218
2021-07-30,03:00 PM,478,14,10940,28,72,71,80,62,64,65,20,14,2,252,218
2021-08-01,03:00 PM,480,14,10955,28,72,72,80,63,64,65,20,14,2,253,219
2021-08-02,03:00 PM,480,14,10955,28,72,72,80,63,64,65,20,14,2,253,219
2021-08-03,03:00 PM,480,14,10977,28,72,72,80,63,64,65,20,14,2,253,219
2021-08-04,03:00 PM,480,14,11022,28,72,72,80,63,64,65,20,14,2,253,219
2021-08-05,03:00 PM,481,14,11032,28,72,72,80,63,65,65,20,14,2,254,219
2021-08-06,03:00 PM,482,14,11045,28,72,72,80,64,65,65,20,14,2,254,220
2021-08-07,03:00 PM,483,14,11068,28,72,73,80,64,65,65,20,14,2,255,220
2021-08-08,03:00 PM,483,14,11068,28,72,73,80,64,65,65,20,14,2,255,220
2021-08-10,03:00 PM,484,14,11100,28,72,73,80,64,65,66,20,14,2,255,221
2021-08-11,03:00 PM,486,14,11110,27,73,73,80,64,66,66,20,14,2,254,223
2021-08-12,03:00 PM,487,15,11128,27,74,73,80,64,66,66,20,14,2,255,223
2021-08-13,03:00 PM,489,15,11139,27,74,73,81,64,66,66,20,15,2,255,225
2021-08-14,03:00 PM,490,15,11170,27,75,73,81,64,66,66,20,15,2,255,226
2021-08-15,03:00 PM,490,15,11170,27,75,73,81,64,66,66,20,15,2,255,226
2021-08-16,03:00 PM,490,15,11170,27,75,73,81,64,66,66,20,15,2,255,226
2021-08-17,03:00 PM,494,15,11248,27,76,74,82,65,66,66,20,15,2,256,229
2021-08-18,03:00 PM,498,15,11265,27,77,75,82,65,68,66,20,15,2,258,231
2021-08-19,03:00 PM,499,15,11307,27,77,75,82,66,68,66,20,15,2,258,232
2021-08-20,03:00 PM,504,15,11337,27,77,76,84,67,69,66,20,15,2,259,236
2021-08-21,03:00 PM,520,15,11417,30,83,77,85,68,71,68,20,15,2,268,243
2021-08-23,03:00 PM,520,15,11417,30,83,77,85,68,71,68,20,15,2,268,243
2021-08-24,03:00 PM,526,15,11467,31,83,79,85,69,72,69,20,15,2,271,246
2021-08-25,03:00 PM,528,15,11488,31,84,79,85,69,72,69,20,16,2,272,247
2021-08-26,03:00 PM,530,15,11542,31,84,79,85,68,72,71,19,16,2,271,248
2021-08-27,03:00 PM,532,15,11578,31,85,77,86,68,72,71,19,16,2,270,249
2021-08-29,03:00 PM,534,15,11617,31,85,77,86,68,72,71,20,17,2,271,250
2021-08-30,03:00 PM,534,15,11617,31,85,77,86,68,72,71,20,17,2,271,250
2021-08-31,03:00 PM,538,15,11716,32,86,79,86,70,73,71,21,17,2,277,252
2021-09-01,03:00 PM,539,15,11740,33,86,80,86,70,73,71,21,17,2,279,252
2021-09-02,03:00 PM,542,15,11767,33,88,80,86,70,73,72,21,17,2,280,254
2021-09-03,03:00 PM,543,15,11793,33,88,81,86,70,73,72,21,17,2,280,255
2021-09-04,03:00 PM,545,15,11838,33,88,82,87,70,73,72,21,17,2,282,255
2021-09-05,03:00 PM,545,15,11838,33,88,82,87,70,73,72,21,17,2,282,255
2021-09-06,03:00 PM,545,15,11838,33,88,82,87,70,73,72,21,17,2,282,255
2021-09-07,03:00 PM,545,15,11838,33,88,82,87,70,73,72,21,17,2,282,255
2021-09-08,03:00 PM,549,15,11956,34,90,82,88,70,73,72,21,17,2,282,259
2021-09-09,03:00 PM,549,15,11970,34,90,82,88,70,73,72,21,17,2,282,259
2021-09-10,03:00 PM,554,15,11986,34,90,82,88,71,75,73,21,17,3,285,261
2021-09-11,03:00 PM,555,15,12031,34,90,82,89,71,75,73,21,17,3,286,261
2021-09-12,03:00 PM,555,15,12031,34,90,82,89,71,75,73,21,17,3,286,261
2021-09-13,03:00 PM,555,15,12031,34,90,82,89,71,75,73,21,17,3,286,261
2021-09-14,03:00 PM,555,15,12081,34,90,82,89,71,75,73,21,17,3,286,261
2021-09-15,03:00 PM,558,15,12119,34,90,82,89,73,75,74,21,17,3,287,263
2021-09-16,03:00 PM,559,15,12165,34,90,82,89,73,75,75,21,17,3,287,264
2021-09-17,03:00 PM,559,15,12184,34,90,82,89,73,75,75,21,17,3,287,264
2021-09-18,03:00 PM,561,15,12198,34,91,82,89,73,76,75,21,17,3,287,265
2021-09-19,03:00 PM,561,15,12198,34,91,82,89,73,76,75,21,17,3,287,265
2021-09-20,03:00 PM,561,15,12198,34,91,82,89,73,76,75,21,17,3,287,265
2021-09-21,03:00 PM,563,15,12282,34,92,82,89,73,77,75,21,17,3,288,266
2021-09-22,03:00 PM,563,15,12292,34,92,82,89,73,77,75,21,17,3,288,266
2021-09-23,03:00 PM,563,15,12302,34,92,82,89,73,77,75,21,17,3,288,266
2021-09-24,03:00 PM,571,15,12344,34,95,82,92,75,77,75,21,17,3,288,267
2021-09-25,03:00 PM,578,15,13071,34,96,82,92,76,77,75,21,17,3,288,267
2021-09-26,03:00 PM,578,15,13071,34,96,82,92,76,77,75,21,17,3,288,267
2021-09-27,03:00 PM,578,15,13071,34,96,82,92,76,77,75,21,17,3,288,267
2021-09-28,03:00 PM,579,15,13158,34,98,83,92,76,77,75,21,17,3,289,269
2021-09-29,03:00 PM,581,15,13219,34,98,83,92,76,77,75,22,18,3,289,269
2021-09-30,03:00 PM,581,15,13240,34,98,83,92,76,77,75,22,18,3,289,269
2021-10-01,03:00 PM,584,15,13259,34,99,84,93,76,77,75,22,18,3,290,271
2021-10-02,03:00 PM,585,15,13297,35,99,84,93,76,77,75,22,18,3,290,272
2021-10-03,03:00 PM,585,15,13297,35,99,84,93,76,77,75,22,18,3,290,272
2021-10-04,03:00 PM,585,15,13297,35,99,84,93,76,77,75,22,18,3,290,272
2021-10-05,03:00 PM,587,15,13336,35,99,84,94,76,78,75,22,18,3,290,274
2021-10-06,03:00 PM,593,15,13363,36,100,84,95,77,79,76,22,18,3,291,274
2021-10-07,03:00 PM,594,15,13388,36,100,85,95,77,79,76,22,18,3,292,274
2021-10-08,03:00 PM,595,15,13408,37,100,85,95,77,79,76,22,18,3,293,274
2021-10-09,03:00 PM,596,15,13444,37,101,85,95,77,79,76,22,18,3,293,275
2021-10-10,03:00 PM,596,15,13444,37,101,85,95,77,79,76,22,18,3,293,275
2021-10-11,03:00 PM,596,15,13444,37,101,85,95,77,79,76,22,18,3,293,275
2021-10-12,03:00 PM,596,15,13444,37,101,85,95,77,79,76,22,18,3,293,275
2021-10-13,03:00 PM,597,15,13547,37,101,85,95,77,79,76,22,19,3,294,275
2021-10-14,03:00 PM,598,15,13560,37,101,86,95,77,79,76,22,19,3,294,275
2021-10-15,03:00 PM,601,15,13576,38,101,86,95,77,79,78,22,19,3,297,275
2021-10-17,03:00 PM,602,15,13608,38,101,86,95,78,79,78,22,19,3,297,275
2021-10-18,03:00 PM,602,15,13608,38,101,86,95,78,79,78,22,19,3,297,275
2021-10-19,03:00 PM,602,15,13645,38,101,86,95,79,79,78,22,19,3,297,275
2021-10-20,03:00 PM,603,15,13667,38,101,86,95,79,79,78,22,19,3,297,276
2021-10-21,03:00 PM,604,15,13687,38,101,86,95,79,79,79,22,19,3,297,276
2021-10-22,03:00 PM,605,15,13712,38,101,86,96,79,79,79,22,19,3,297,276
2021-10-23,03:00 PM,608,15,13736,38,101,86,96,79,79,80,23,20,3,297,279
2021-10-24,03:00 PM,608,15,13736,38,101,86,96,79,79,80,23,20,3,297,279
2021-10-25,03:00 PM,608,15,13736,38,101,86,96,79,79,80,23,20,3,297,279
2021-10-26,03:00 PM,609,15,13795,38,101,86,97,79,79,80,23,20,3,298,279
2021-10-27,03:00 PM,610,15,13817,38,101,86,97,79,79,81,23,20,3,299,279
2021-10-28,03:00 PM,610,15,13835,38,101,86,97,79,79,81,23,20,3,299,279
2021-10-29,03:00 PM,610,15,13857,38,101,86,97,79,79,81,23,20,3,299,279
2021-10-30,03:00 PM,611,15,13888,38,101,86,98,81,79,82,23,19,3,299,281
2021-10-31,03:00 PM,611,15,13888,38,101,86,98,81,79,82,23,19,3,299,281
2021-11-01,03:00 PM,611,15,13888,38,101,86,98,81,79,82,23,19,3,299,281
2021-11-02,03:00 PM,611,15,13906,38,101,86,98,81,79,82,23,19,3,299,281
2021-11-03,03:00 PM,613,15,13930,38,101,86,98,82,79,83,23,19,3,300,281
2021-11-04,03:00 PM,615,15,13949,38,101,86,98,82,79,83,23,19,3,300,282
2021-11-05,03:00 PM,617,15,13963,40,101,86,98,84,79,83,23,19,3,302,282
2021-11-06,03:00 PM,620,15,13997,40,102,86,99,85,79,83,23,19,3,302,284
2021-11-07,03:00 PM,620,15,13997,40,102,86,99,85,79,83,23,19,3,302,284
2021-11-08,03:00 PM,620,15,13997,40,102,86,99,85,79,83,23,19,3,302,284
2021-11-09,03:00 PM,624,15,14030,40,102,86,101,86,79,84,23,19,3,302,286
2021-11-10,03:00 PM,625,15,14062,40,102,86,101,86,79,85,23,19,3,302,286
2021-11-11,03:00 PM,626,15,14106,40,102,86,102,86,79,85,23,19,3,302,286
2021-11-12,03:00 PM,626,15,14106,40,102,86,102,86,79,85,23,19,3,302,286
2021-11-13,03:00 PM,630,15,14137,41,102,87,103,86,79,86,23,19,3,305,286
2021-11-14,03:00 PM,630,15,14137,41,102,87,103,86,79,86,23,19,3,305,286
2021-11-15,03:00 PM,630,15,14137,41,102,87,103,86,79,86,23,19,3,305,286
2021-11-16,03:00 PM,632,15,14165,41,103,87,104,86,79,86,23,19,3,307,286
2021-11-17,03:00 PM,634,15,14212,41,103,88,105,86,79,86,23,19,3,308,287
2021-11-18,03:00 PM,635,15,14232,41,103,88,106,86,79,86,23,19,3,308,289
2021-11-19,03:00 PM,640,15,14252,41,105,88,107,86,81,86,23,19,3,309,292
2021-11-20,03:00 PM,643,15,14294,42,105,88,108,86,82,86,23,19,3,310,293
2021-11-21,03:00 PM,643,15,14294,42,105,88,108,86,82,86,23,19,3,310,293
2021-11-22,03:00 PM,643,15,14294,42,105,88,108,86,82,86,23,19,3,310,293
2021-11-23,03:00 PM,647,15,14355,45,106,88,108,86,82,86,23,19,3,312,296
2021-11-24,03:00 PM,648,15,14364,45,106,89,108,86,82,86,23,19,3,312,297
2021-11-25,03:00 PM,652,15,14398,46,106,90,109,87,82,86,23,19,3,314,299
2021-11-26,03:00 PM,652,15,14398,46,106,90,109,87,82,86,23,19,3,314,299
2021-11-27,03:00 PM,652,15,14398,46,106,90,109,87,82,86,23,19,3,314,299
2021-11-28,03:00 PM,652,15,14398,46,106,90,109,87,82,86,23,19,3,314,299
2021-11-29,03:00 PM,652,15,14398,46,106,90,109,87,82,86,23,19,3,314,299
2021-11-30,03:00 PM,660,15,14499,47,106,92,110,89,83,87,23,19,3,318,303
2021-12-01,03:00 PM,661,15,14512,47,107,92,110,89,83,87,23,19,3,319,303
2021-12-02,03:00 PM,665,15,14567,48,109,93,110,89,83,87,23,19,3,320,306
2021-12-03,03:00 PM,672,15,14610,48,111,95,112,90,83,87,23,19,3,321,311
2021-12-04,03:00 PM,673,15,14660,49,111,95,112,89,83,88,23,19,3,320,312
2021-12-05,03:00 PM,673,15,14660,49,111,95,112,89,83,88,23,19,3,320,312
2021-12-06,03:00 PM,673,15,14660,49,111,95,112,89,83,88,23,19,3,320,312
2021-12-07,03:00 PM,675,15,14726,49,111,95,112,90,83,89,23,19,3,321,313
2021-12-08,03:00 PM,677,15,14762,50,112,95,112,90,83,89,23,19,3,322,313
2021-12-09,03:00 PM,677,15,14792,50,112,95,112,90,83,89,23,19,3,322,313
2021-12-10,03:00 PM,678,15,14821,50,112,95,113,90,83,89,23,19,3,323,313
2021-12-11,03:00 PM,679,15,14853,50,112,95,114,90,83,89,23,19,3,323,313
2021-12-12,03:00 PM,679,15,14853,50,112,95,114,90,83,89,23,19,3,323,313
2021-12-13,03:00 PM,679,15,14853,50,112,95,114,90,83,89,23,19,3,323,313
2021-12-14,03:00 PM,680,15,14904,50,112,95,115,90,83,89,23,19,3,323,314
2021-12-15,03:00 PM,685,15,14932,51,113,95,116,92,83,89,23,19,3,324,316
2021-12-16,03:00 PM,688,15,14973,53,114,95,116,92,83,89,23,19,3,327,316
2021-12-17,03:00 PM,688,15,15015,53,114,95,116,92,83,89,23,19,3,327,316
2021-12-18,03:00 PM,690,15,15057,53,114,95,116,93,84,89,23,19,3,327,317
2021-12-19,03:00 PM,690,15,15057,53,114,95,116,93,84,89,23,19,3,327,317
2021-12-20,03:00 PM,690,15,15057,53,114,95,116,93,84,89,23,19,3,327,317
2021-12-21,03:00 PM,694,15,15110,54,115,95,117,93,84,89,23,20,3,329,317
2021-12-22,03:00 PM,694,15,15138,54,115,95,117,93,84,89,23,20,3,329,317
